1871 61670.000000000000000 -0.055330578368019 -0.659019872471177 -0.053412522025660 6
1871 61670.199999999997090 -0.079913190298745 -0.886476834622951 0.054703931412719 12
1871 61670.400000000001455 -0.117172597042471 -0.943157625771111 0.108727988383381 18
1871 61671.000000000000000 -0.180283502666789 -1.009004084098329 0.188528685398472 24
1871 61671.199999999997090 -0.213664566421485 -1.114515700168642 0.256547598433151 30
1871 61671.400000000001455 -0.253900291843900 -1.153515504852120 0.345414047635261 31
1871 61671.599999999998545 -0.262299456757804 -1.226723951492820 0.444918277732176 32
1871 61671.800000000002910 -0.291328365878022 -1.262543911657549 0.481491637553264 33
1871 61672.000000000000000 -0.319400514488102 -1.286014840660278 0.509094946746486 34
1871 61672.199999999997090 -0.405923170115866 -1.554625939289800 1.049956601801739 35
1871 61672.400000000001455 -0.407237358611966 -1.590372790245480 1.087359761054373 36
1871 61672.599999999998545 -0.413524714652136 -1.609784197272967 1.129207665584267 37
1871 61672.800000000002910 -0.419370005690531 -1.617530995206897 1.173315833174197 38
1871 61673.000000000000000 -0.429523734769990 -1.628107584977219 1.205024337969931 39
1871 61673.199999999997090 -0.441378949674473 -1.645228170361399 1.245751118248673 40
1871 61673.400000000001455 -0.457742717106642 -1.636294355941243 1.269496069632748 41
1871 61673.599999999998545 -0.475799954691234 -1.638433261741422 1.306173431374233 42
1871 61673.800000000002910 -0.494633342026995 -1.653017387980245 1.336613189797998 43
1871 61674.000000000000000 -0.507764296834644 -1.661368508818499 1.374071037407074 44
1871 61674.199999999997090 -0.574918418631174 -1.831399464186203 1.963192041495136 45
1871 61674.400000000001455 -0.593430462546546 -1.828474587111435 2.004084289636886 46
1871 61674.599999999998545 -0.612546640398020 -1.828403217167200 2.047464720032567 47
1871 61674.800000000002910 -0.623919284116934 -1.831682161284663 2.085483825503309 48
1871 61675.000000000000000 -0.574123690921703 -1.865837922537017 2.503432288916548 50
1871 61675.199999999997090 -0.546986525501017 -1.886510543790335 2.775920263965443 52
1871 61675.400000000001455 -0.530987746305458 -1.910862179943142 2.995270067576577 54
1871 61675.599999999998545 -0.531347674768717 -1.926066239788466 3.085821575168956 56
1871 61675.800000000002910 -0.531192632721618 -1.939262034415021 3.155857264297066 58
1871 61676.000000000000000 -0.537336831695339 -1.955590447714711 3.198909988286146 59
1871 61676.199999999997090 -0.620251684472095 -2.159060700191682 3.876387232701545 60
1871 61676.400000000001455 -0.629616574077350 -2.157606980911502 3.851152616921618 61
1871 61676.599999999998545 -0.643243446392186 -2.163450739708706 3.809409902028625 62
1871 61676.800000000002910 -0.656876645265242 -2.153258010138189 3.743962786693438 63
1871 61677.000000000000000 -0.666831460420846 -2.147072628553481 3.667079132711434 64
1871 61677.199999999997090 -0.666989460470693 -2.155816911356530 3.694057249846447 65
1871 61677.400000000001455 -0.667877808059865 -2.165451421311701 3.705618734453431 66
1871 61677.599999999998545 -0.664016752574526 -2.163546756355334 3.721571806867520 67
1871 61677.800000000002910 -0.664642314682339 -2.162811999283457 3.712452361247172 68
1871 61678.000000000000000 -0.664707076341644 -2.170047937262514 3.736425321291504 69
1871 61678.199999999997090 -0.689252605681479 -2.231508212876364 3.980534549139330 70
1871 61678.400000000001455 -0.691356451104210 -2.240316269172187 3.998021472088492 72
1871 61678.599999999998545 -0.696199561069660 -2.246156908238894 3.980803139937430 74
1871 61678.800000000002910 -0.696957465761013 -2.251735314948858 3.954240824703184 75
1871 61679.000000000000000 -0.700747010156467 -2.256333031427850 3.931289200444172 76
1871 61679.199999999997090 -0.705866008984101 -2.255640624476012 3.906268001849401 77
1871 61679.400000000001455 -0.703854978701846 -2.264050320361008 3.891500470768203 78
1871 61679.599999999998545 -0.703267970323133 -2.258862954406656 3.894210828995480 79
1871 61679.800000000002910 -0.699890546625692 -2.259240391390214 3.884693152321264 80
1871 61680.000000000000000 -0.678327385431822 -2.227369604999724 3.794408306771061 83
1871 61680.199999999997090 -0.655165542831699 -2.185182490030706 3.782978827116415 86
1871 61680.400000000001455 -0.626661832539204 -2.129021511613390 3.638604148167091 89
1871 61680.599999999998545 -0.606995840115450 -2.085747730339386 3.555435196114336 91
1871 61680.800000000002910 -0.579436376634846 -2.040685344425407 3.453629071195665 93
1871 61681.000000000000000 -0.577782713075586 -2.027253575397645 3.442224831699973 94
1871 61681.199999999997090 -0.585484400715790 -2.006013397986661 3.431420992589691 95
1871 61681.400000000001455 -0.583479010965606 -1.975177712295482 3.428445268629769 97
1871 61681.599999999998545 -0.569759408491353 -1.923827903690003 3.398029191136757 99
1871 61681.800000000002910 -0.555849714805285 -1.871585410133472 3.353452945250996 101
1871 61682.000000000000000 -0.539771850122595 -1.812755379981855 3.287876605711840 103
1871 61682.199999999997090 -0.524259494743302 -1.758129111911470 3.490654166941147 105
1871 61682.400000000001455 -0.524548722755059 -1.724479773871569 3.464261215035095 106
1871 61682.599999999998545 -0.522550744007942 -1.718374319513456 3.446877789178117 107
1871 61682.800000000002910 -0.531792362867311 -1.732842486375572 3.484626217712438 108
1871 61683.000000000000000 -0.530640631723618 -1.713105577481837 3.475455091595287 109
1871 61683.199999999997090 -0.518182248628373 -1.686702100128225 3.443079383428780 110
1871 61683.400000000001455 -0.519209196602967 -1.670529038853975 3.447616018565094 111
1871 61683.599999999998545 -0.517627234991435 -1.643028601464300 3.438086712527249 112
1871 61683.800000000002910 -0.531650145148647 -1.640658989535773 3.499368251388539 113
1871 61684.000000000000000 -0.541963852144553 -1.660196181514202 3.578356250792968 114
1871 61684.199999999997090 -0.564930237234922 -1.675288221620432 3.899693302559393 115
1871 61684.400000000001455 -0.569831536608336 -1.664546717614707 3.906027759178761 116
1871 61684.599999999998545 -0.577077825275530 -1.636821172844097 3.892148940770817 117
1871 61684.800000000002910 -0.579606699028216 -1.624554690677831 3.866854902275754 118
1871 61685.000000000000000 -0.573213236888141 -1.648291414522614 3.879814180720720 119
1871 61685.199999999997090 -0.566777225302085 -1.642773313320457 3.809868145909055 120
1871 61685.400000000001455 -0.564820186493096 -1.641974563950074 3.761216116986352 121
1871 61685.599999999998545 -0.563000214407721 -1.620642436976595 3.731628133273888 122
1871 61685.800000000002910 -0.559527808524854 -1.604425738632691 3.693861352318657 123
1871 61686.000000000000000 -0.552824711309122 -1.600693342795688 3.657805116658868 124
1871 61686.199999999997090 -0.550257535231448 -1.601573673481276 3.823230658754469 125
1871 61686.400000000001455 -0.545043584568695 -1.589369521753688 3.796508367984546 126
1871 61686.599999999998545 -0.540432393681900 -1.575984137057824 3.758430926503565 127
1871 61686.800000000002910 -0.541207086396741 -1.556958650673751 3.726765708721203 128
1871 61687.000000000000000 -0.534585374002886 -1.556757944353454 3.696141640675946 129
1871 61687.199999999997090 -0.527950230139216 -1.542021111902339 3.660117808376194 130
1871 61687.400000000001455 -0.520181390656969 -1.526738154495044 3.611896352870715 131
1871 61687.599999999998545 -0.512282189502970 -1.513978577834510 3.572298246879743 132
1871 61687.800000000002910 -0.499351341408454 -1.501478441215991 3.555790889974555 133
1871 61688.000000000000000 -0.493337518444106 -1.489583259368531 3.552735232813720 134
1871 61688.199999999997090 -0.484553684447444 -1.476862417389497 3.597444335260542 135
1871 61688.400000000001455 -0.474038840493698 -1.467441840106044 3.594421293399389 136
1871 61688.599999999998545 -0.465403817955863 -1.456485424500786 3.585892502876859 137
1871 61688.800000000002910 -0.452908571013243 -1.446764515515276 3.576187924477861 138
1871 61689.000000000000000 -0.443891307331972 -1.437670654904066 3.567066165033314 139
1871 61689.199999999997090 -0.437208618933518 -1.433638446090503 3.557555598211685 140
1871 61689.400000000001455 -0.428344785726998 -1.421924699997474 3.544932557354460 141
1871 61689.599999999998545 -0.419073310234882 -1.416935896150300 3.525671960246620 142
1871 61689.800000000002910 -0.409112264230782 -1.403666613892100 3.500033368436811 143
1871 61690.000000000000000 -0.401471084318545 -1.394289124052849 3.477283829730401 144
1871 61690.199999999997090 -0.395066918495406 -1.389811284780928 3.459030596404067 145
1871 61690.400000000001455 -0.387890849680376 -1.387481551655311 3.446514961215315 146
1871 61690.599999999998545 -0.381491355311551 -1.380810068572430 3.432386553032756 147
1871 61690.800000000002910 -0.374891188867334 -1.378622313483872 3.419867121298982 148
1871 61691.000000000000000 -0.369278393988795 -1.374341935743497 3.403946679886039 149
1871 61691.199999999997090 -0.364332657207038 -1.373279569739710 3.395350657847749 150
1871 61691.400000000001455 -0.356987184363697 -1.369253715492675 3.382686886350260 151
1871 61691.599999999998545 -0.350343487645872 -1.368444481361288 3.374119317749686 152
1871 61691.800000000002910 -0.344605654336197 -1.367454330684343 3.366526215735260 153
1871 61692.000000000000000 -0.339600800681218 -1.360734929146382 3.351452601741153 154
1871 61692.199999999997090 -0.326672681580932 -1.343016285481375 3.224980445179298 155
1871 61692.400000000001455 -0.321442453406548 -1.339026145438433 3.208989128030758 156
1871 61692.599999999998545 -0.316302827966423 -1.336351643489191 3.187917411542288 157
1871 61692.800000000002910 -0.311930082743218 -1.335047803874881 3.175475620374681 158
1871 61693.000000000000000 -0.307752492295174 -1.333649257163108 3.159195671999907 159
1871 61693.199999999997090 -0.303794209543570 -1.331288520129502 3.138624347623146 160
1871 61693.400000000001455 -0.299270510055406 -1.326834379158716 3.121007978218663 161
1871 61693.599999999998545 -0.294811571070325 -1.326436351828713 3.105350400647866 162
1871 61693.800000000002910 -0.289687178254425 -1.321892317490960 3.088844424773365 163
1871 61694.000000000000000 -0.285282679169732 -1.317367601418107 3.074220616210012 164
1871 61694.199999999997090 -0.274976054808284 -1.304143303801360 2.937235543244245 165
1871 61694.400000000001455 -0.270049907284660 -1.302940256757426 2.925991566517362 166
1871 61694.599999999998545 -0.265632029040922 -1.302496968277776 2.913294008751758 167
1871 61694.800000000002910 -0.260789888521291 -1.302110771347461 2.904027143343004 168
1871 61695.000000000000000 -0.255093746265453 -1.301162899846073 2.894710205782728 169
1871 61695.199999999997090 -0.251901673416197 -1.297873932659048 2.878906178422493 170
1871 61695.400000000001455 -0.247661716612292 -1.300934897963416 2.875576030617132 171
1871 61695.599999999998545 -0.245002119540842 -1.297614947255808 2.861864012711804 172
1871 61695.800000000002910 -0.241891192560825 -1.298274759467932 2.852381676443867 173
1871 61696.000000000000000 -0.238990184751753 -1.299582475625854 2.849611113135548 174
1871 61696.199999999997090 -0.229449234259412 -1.287524227170101 2.730181988156986 175
1871 61696.400000000001455 -0.227622991778029 -1.280718219753335 2.725560614915208 177
1871 61696.599999999998545 -0.221653645473796 -1.272773342562767 2.715707382388567 179
1871 61696.800000000002910 -0.219703314250171 -1.273197441467758 2.712760744721405 181
1871 61697.000000000000000 -0.216854343943056 -1.270332354856426 2.701018404232988 183
1871 61697.199999999997090 -0.213856074128426 -1.271088612813116 2.692490695638805 185
1871 61697.400000000001455 -0.213338538858931 -1.271617355969695 2.688250503652007 186
1871 61697.599999999998545 -0.208880434837818 -1.270827887896039 2.678876305982399 187
1871 61697.800000000002910 -0.207076952138737 -1.272045959678508 2.671322045957824 188
1871 61698.000000000000000 -0.203756801914781 -1.268547250338750 2.664242679702033 189
1871 61698.199999999997090 -0.196104054993630 -1.259414623090706 2.577057459953300 190
1871 61698.400000000001455 -0.193333814774968 -1.257412323427012 2.570204422976652 191
1871 61698.599999999998545 -0.189489527975487 -1.255623676960137 2.566076568316673 192
1871 61698.800000000002910 -0.186444747788543 -1.256299481397733 2.566700348262677 193
1871 61699.000000000000000 -0.182413275140627 -1.255495698803581 2.561688057842951 194
1871 61699.199999999997090 -0.179583516137849 -1.255737310040624 2.558024325177944 195
1871 61699.400000000001455 -0.176699775752469 -1.254890354571737 2.549210024798434 196
1871 61699.599999999998545 -0.175070442322253 -1.254245450530713 2.547739140531528 197
1871 61699.800000000002910 -0.173142622615714 -1.253403478798299 2.538209253805046 198
1871 61700.000000000000000 -0.171540208791443 -1.251562321247836 2.536131686950977 199
1871 61700.199999999997090 -0.169495688149458 -1.243661764172053 2.472308774632974 200
1871 61700.400000000001455 -0.165795997637616 -1.244090138213213 2.468604241242552 201
1871 61700.599999999998545 -0.163272076453627 -1.243835032877814 2.463282042901052 202
1871 61700.800000000002910 -0.162005145884350 -1.243375944781154 2.461470901006019 203
1871 61701.000000000000000 -0.160561901363021 -1.241920730431364 2.456697692265015 204
1871 61701.199999999997090 -0.158672932997068 -1.241364965091054 2.450782566105453 205
1871 61701.400000000001455 -0.157470711788469 -1.243614541822851 2.452132996958627 206
1871 61701.599999999998545 -0.156276225659620 -1.242547942073199 2.445195458631893 207
1871 61701.800000000002910 -0.153627672027402 -1.241766617803341 2.438009566253645 208
1871 61702.000000000000000 -0.151570494949332 -1.240796532280588 2.432370530164070 209
1871 61702.199999999997090 -0.150302885970762 -1.237049065320482 2.394693180166507 210
1871 61702.400000000001455 -0.149112228155744 -1.235844105454449 2.383219471254104 211
1871 61702.599999999998545 -0.148272558836888 -1.236175882320458 2.378507165854824 212
1871 61702.800000000002910 -0.146988261104845 -1.237809929752714 2.374082462694390 213
1871 61703.000000000000000 -0.146666606805786 -1.236743407734035 2.368685903487440 214
1871 61703.199999999997090 -0.143396684288353 -1.235468043690158 2.360770132485339 215
1871 61703.400000000001455 -0.141235734796062 -1.233894981009258 2.357465857748315 216
1871 61703.599999999998545 -0.139483318316218 -1.231131892233658 2.344656272423933 217
1871 61703.800000000002910 -0.138053228852327 -1.232139609455507 2.335941878809569 218
1871 61704.000000000000000 -0.136703274206423 -1.230388962539197 2.327038001566069 219
1871 61704.199999999997090 -0.132799302244560 -1.220266923503460 2.271296297598109 220
1871 61704.400000000001455 -0.129774706830495 -1.216434784615100 2.259046566721115 221
1871 61704.599999999998545 -0.125414275539349 -1.212479796838642 2.246616226765845 222
1871 61704.800000000002910 -0.121229281596818 -1.205924852326214 2.221682168396704 223
1871 61705.000000000000000 -0.118566770536690 -1.209723731612853 2.215431062071915 224
1871 61705.199999999997090 -0.116104819804147 -1.203335516960096 2.194578089201424 225
1871 61705.400000000001455 -0.113262764223634 -1.199286719803548 2.173497430013400 226
1871 61705.599999999998545 -0.110062904958429 -1.196750125324669 2.159649540242195 227
1871 61705.800000000002910 -0.107430939639846 -1.191676259757268 2.137517161170379 228
1871 61706.000000000000000 -0.103848955101150 -1.190746494464897 2.121449878659240 229
1871 61706.199999999997090 -0.098520118190287 -1.179931595268989 2.034988220194998 230
1871 61706.400000000001455 -0.097091422721361 -1.181561620993857 2.020853933679210 231
1871 61706.599999999998545 -0.094330676063442 -1.180968080522873 2.008310979926682 232
1871 61706.800000000002910 -0.092707365401906 -1.177445611393598 1.985301828831127 233
1871 61707.000000000000000 -0.090992835668240 -1.175922772313153 1.969295603383084 234
1871 61707.199999999997090 -0.088811681689836 -1.175062450596668 1.950442297144916 235
1871 61707.400000000001455 -0.086340990913231 -1.173218492780365 1.935726753690285 236
1871 61707.599999999998545 -0.084455948957084 -1.169500055348556 1.915748010444508 237
1871 61707.800000000002910 -0.081296113808186 -1.171487209920043 1.904563954970859 238
1871 61708.000000000000000 -0.080552636594759 -1.164562706372043 1.882314074339009 239
1871 61708.199999999997090 -0.076081276350368 -1.155138092208184 1.796068279895692 240
1871 61708.400000000001455 -0.073886411612056 -1.153346572676902 1.773322323068855 241
1871 61708.599999999998545 -0.073199799270960 -1.150039547301903 1.751848815815065 242
1871 61708.800000000002910 -0.069962366723348 -1.149343880997400 1.733262506893425 243
1871 61709.000000000000000 -0.067862455241119 -1.145133926672435 1.710320750929162 244
1871 61709.199999999997090 -0.066118860893488 -1.142678237208852 1.686980358593308 245
1871 61709.400000000001455 -0.063834872547494 -1.140353288712580 1.670189676431444 246
1871 61709.599999999998545 -0.062667668308875 -1.136295808211704 1.647514725679067 247
1871 61709.800000000002910 -0.060529459084682 -1.131546983810469 1.631087872814134 248
1871 61710.000000000000000 -0.057263042314383 -1.131105906394407 1.610907328277892 249
1871 61710.199999999997090 -0.052985214401810 -1.120049220877636 1.534723525056402 250
1871 61710.400000000001455 -0.051511338105242 -1.119113808607314 1.518245914130475 251
1871 61710.599999999998545 -0.049450008588137 -1.117365434817106 1.501914426115618 252
1871 61710.800000000002910 -0.046746650718068 -1.117337629685256 1.485737396288051 253
1871 61711.000000000000000 -0.045537384358944 -1.116093928510184 1.473148160541070 254
1871 61711.199999999997090 -0.044020818126049 -1.109150896234532 1.445095416882704 255
1871 61711.400000000001455 -0.042603181940052 -1.107615842377378 1.430246515218957 256
1871 61711.599999999998545 -0.041102539188129 -1.103988477328051 1.414513094129528 257
1871 61711.800000000002910 -0.039580039822834 -1.100443629287033 1.399494722625592 258
1871 61712.000000000000000 -0.038666820228811 -1.098850202651474 1.393776780398809 259
1871 61712.199999999997090 -0.035802977594600 -1.092164578809295 1.346008634797212 260
1871 61712.400000000001455 -0.035393438977845 -1.089586606538864 1.333810052440128 261
1871 61712.599999999998545 -0.034377714488912 -1.090706772457531 1.330245324835556 262
1871 61712.800000000002910 -0.032878889317342 -1.087450830543369 1.313883616158057 263
1871 61713.000000000000000 -0.032472443341497 -1.088935967810562 1.312071788014595 264
1871 61713.199999999997090 -0.030053350016394 -1.089127528201453 1.309426760756927 265
1871 61713.400000000001455 -0.031145700238478 -1.090386999079750 1.302647638457809 266
1871 61713.599999999998545 -0.030150994117568 -1.095017886542375 1.308312095680065 267
1871 61713.800000000002910 -0.029992409075302 -1.097743937352907 1.307861594854249 268
1871 61714.000000000000000 -0.028690223273988 -1.099467299302068 1.304879653064434 269
1871 61714.199999999997090 -0.029266280031282 -1.102111061144093 1.309963514288116 270
1871 61714.400000000001455 -0.030384602765128 -1.102903452344970 1.304564915694048 271
1871 61714.599999999998545 -0.030657515715021 -1.106816881534210 1.306358888152775 272
1871 61714.800000000002910 -0.030642610904245 -1.110096914801456 1.304779543876583 273
1871 61715.000000000000000 -0.032475321383380 -1.112363383842391 1.307169310248234 274
1871 61715.199999999997090 -0.031257671284922 -1.116740871707636 1.305846128049514 275
1871 61715.400000000001455 -0.032819021972374 -1.117821139516741 1.307604484636262 276
1871 61715.599999999998545 -0.034891149387576 -1.123412664731129 1.306646996169319 277
1871 61715.800000000002910 -0.035714316202083 -1.122508576290262 1.304226384125961 278
1871 61716.000000000000000 -0.035951832069163 -1.127565637042016 1.305433759123751 279
1871 61716.199999999997090 -0.036977163174044 -1.126968039232044 1.298473691829992 280
1871 61716.400000000001455 -0.036813293458826 -1.128457007245049 1.294647006566893 281
1871 61716.599999999998545 -0.037350868390614 -1.128541619800370 1.282750648538112 282
1871 61716.800000000002910 -0.038544197247477 -1.130405282632328 1.275024066063593 283
1871 61717.000000000000000 -0.039975590613652 -1.131815086369562 1.271356324316030 284
1871 61717.199999999997090 -0.041258921844791 -1.135589689619149 1.264032985894591 285
1871 61717.400000000001455 -0.042512169877971 -1.133633541708997 1.254001348042817 286
1871 61717.599999999998545 -0.042268457249307 -1.134032695468753 1.240953701430313 287
1871 61717.800000000002910 -0.043643664924736 -1.137093884116993 1.233238784474869 288
1871 61718.000000000000000 -0.044696768015444 -1.136154881467797 1.224343210824777 289
1871 61718.199999999997090 -0.044342225309641 -1.136543702801165 1.211785488335035 290
1871 61718.400000000001455 -0.045261558429620 -1.137649248209432 1.204015604840461 291
1871 61718.599999999998545 -0.044989446270316 -1.138211403234432 1.193068200681491 292
1871 61718.800000000002910 -0.043945208428822 -1.142368582179145 1.189103788677935 293
1871 61719.000000000000000 -0.045527957749379 -1.143686435714728 1.182816853096492 294
1871 61719.199999999997090 -0.046151780482335 -1.141637742806707 1.170185723277023 295
1871 61719.400000000001455 -0.048409397079216 -1.145392711840069 1.164813747843420 296
1871 61719.599999999998545 -0.048467174560108 -1.146365115037055 1.155328271414085 297
1871 61719.800000000002910 -0.050487359699817 -1.147891580372168 1.152528604537536 298
1871 61720.000000000000000 -0.049836014493917 -1.151329455753757 1.145796404605612 299
1871 61720.199999999997090 -0.049612449594120 -1.149492864180321 1.128863127994515 300
1871 61720.400000000001455 -0.052584195548278 -1.151873807250799 1.120920135818865 301
1871 61720.599999999998545 -0.053686863734310 -1.150926116853232 1.107395493172895 302
1871 61720.800000000002910 -0.052363598795085 -1.154763263142332 1.106855012415231 303
1871 61721.000000000000000 -0.053713754786650 -1.153060271873822 1.092981217891818 304
1871 61721.199999999997090 -0.054470012653390 -1.153921764644813 1.083408645792710 305
1871 61721.400000000001455 -0.053060769561652 -1.157623232917455 1.074442663622965 306
1871 61721.599999999998545 -0.054328408575556 -1.157645966690496 1.066325587683439 307
1871 61721.800000000002910 -0.054269181270603 -1.156668009840615 1.059089844817004 308
1871 61722.000000000000000 -0.053312939011709 -1.156017001221939 1.044517932808401 309
1871 61722.199999999997090 -0.053446003888303 -1.158695507945176 1.033733967624977 310
1871 61722.400000000001455 -0.054117511684948 -1.161835723532013 1.028900775106690 311
1871 61722.599999999998545 -0.053731349383258 -1.161019640889235 1.015631792361056 312
1871 61722.800000000002910 -0.053970895532888 -1.162071036577446 1.003339749893798 313
1871 61723.000000000000000 -0.053273798859247 -1.163982355420535 0.992810578920236 314
1871 61723.199999999997090 -0.052941900455680 -1.162802840618835 0.977645281322127 315
1871 61723.400000000001455 -0.054077541280953 -1.164278207113304 0.967212462468404 316
1871 61723.599999999998545 -0.053763381672715 -1.166764098869919 0.953892903303726 317
1871 61723.800000000002910 -0.053449459033591 -1.167158236762991 0.945689605440019 318
1871 61724.000000000000000 -0.052736866358402 -1.166926416851636 0.930224875439374 319
1871 61724.199999999997090 -0.052499305584158 -1.163187735156056 0.894017256351428 320
1871 61724.400000000001455 -0.051296996348615 -1.167435891645376 0.884783984917933 321
1871 61724.599999999998545 -0.050934891961091 -1.168299058781587 0.875327858936018 322
1871 61724.800000000002910 -0.048922852151647 -1.168759481803944 0.863586636734370 323
1871 61725.000000000000000 -0.050136873826763 -1.170359171829078 0.860635031709782 324
1871 61725.199999999997090 -0.047688556516029 -1.169540678540760 0.847178951996671 325
1871 61725.400000000001455 -0.049090367240344 -1.172477630015499 0.838292418746995 326
1871 61725.599999999998545 -0.047820331931343 -1.172300360003041 0.822956165891643 327
1871 61725.800000000002910 -0.047311339438344 -1.173157182158678 0.813963111324158 328
1871 61726.000000000000000 -0.047728841440241 -1.177102555082543 0.805618011714994 329
1871 61726.199999999997090 -0.046415854215923 -1.178434753845304 0.787666865656473 330
1871 61726.400000000001455 -0.046914521080316 -1.180156123123163 0.779992951872495 331
1871 61726.599999999998545 -0.047052549304164 -1.184307919304577 0.771932334681049 332
1871 61726.800000000002910 -0.047220271746809 -1.184400629179727 0.762111786738900 333
1871 61727.000000000000000 -0.047693135832132 -1.188166533569341 0.749951622682251 334
1871 61727.199999999997090 -0.047676303269244 -1.188384723664433 0.736596382564422 335
1871 61727.400000000001455 -0.048009757937598 -1.192123290275267 0.730970288821402 336
1871 61727.599999999998545 -0.048966667652035 -1.194922129847352 0.718201187271782 337
1871 61727.800000000002910 -0.048328968604889 -1.194599767484855 0.706264867390154 338
1871 61728.000000000000000 -0.048619651373558 -1.196714525632462 0.695267041176350 339
1871 61728.199999999997090 -0.047979038561107 -1.195458642547787 0.676735461462206 340
1871 61728.400000000001455 -0.048051361310069 -1.203390950583122 0.677589997666151 341
1871 61728.599999999998545 -0.047858630035540 -1.202998277015400 0.670944717421188 342
1871 61728.800000000002910 -0.048328654374247 -1.205615666819289 0.664269943615124 343
1871 61729.000000000000000 -0.049087972876116 -1.207739622878326 0.655727718719114 344
1871 61729.199999999997090 -0.048671186022059 -1.208856792304968 0.653438774432968 345
1871 61729.400000000001455 -0.048481532288855 -1.211778029371750 0.645818919990025 346
1871 61729.599999999998545 -0.049465073344137 -1.211679435595772 0.636524159451758 347
1871 61729.800000000002910 -0.048196400724586 -1.213303760735802 0.632259456148262 348
1871 61730.000000000000000 -0.047684814464504 -1.212752758296499 0.625968063227230 349
1871 61730.199999999997090 -0.047090983081901 -1.213382346541769 0.613794114942068 350
1871 61730.400000000001455 -0.047208990490588 -1.215823643001413 0.612735026557331 351
1871 61730.599999999998545 -0.046815385905568 -1.215778693841460 0.607562199454062 352
1871 61730.800000000002910 -0.047801878622946 -1.219907499974368 0.609525769947404 353
1871 61731.000000000000000 -0.047888459806198 -1.221518698285743 0.612104913370535 354
1871 61731.199999999997090 -0.048131960822274 -1.221743134305459 0.608365566738334 355
1871 61731.400000000001455 -0.048677223609882 -1.222945539237809 0.606139490283512 356
1871 61731.599999999998545 -0.049981112815823 -1.225355558107028 0.603446484548100 357
1871 61731.800000000002910 -0.048221666252119 -1.228558919066944 0.607040135453628 358
1871 61732.000000000000000 -0.049096807124292 -1.229043488379685 0.603151472904010 359
1871 61732.199999999997090 -0.049791299654229 -1.228238243630191 0.600425884442187 360
1871 61732.400000000001455 -0.048677373728162 -1.230183386422629 0.603368238706967 361
1871 61732.599999999998545 -0.049581899861849 -1.235401569813754 0.607765808966280 362
1871 61732.800000000002910 -0.051957377879929 -1.235045981708527 0.606686906903215 363
1871 61733.000000000000000 -0.053175163784892 -1.232955668944791 0.600677395547883 364
1871 61733.199999999997090 -0.051217624080675 -1.230370342104971 0.594476877255325 365
1871 61733.400000000001455 -0.052320702634761 -1.234994678328934 0.597336409768983 366
1871 61733.599999999998545 -0.051727441968887 -1.234072635516211 0.594240490621429 367
1871 61733.800000000002910 -0.052189472167063 -1.234560425339837 0.586948739776779 368
1871 61734.000000000000000 -0.051335005724277 -1.234698481216757 0.578513557363483 369
1871 61734.199999999997090 -0.052328972315743 -1.230971244184422 0.574303953545318 370
1871 61734.400000000001455 -0.052766696027850 -1.230710857949321 0.567879575828354 371
1871 61734.599999999998545 -0.051616727256821 -1.233594370602058 0.566921654298431 372
1871 61734.800000000002910 -0.052279158181309 -1.230886493966532 0.559367221412187 373
1871 61735.000000000000000 -0.051782999745989 -1.237253603326772 0.561423195790384 374
1871 61735.199999999997090 -0.052323091053289 -1.235031848376551 0.551574453770071 375
1871 61735.400000000001455 -0.051424901428244 -1.236001272804620 0.549676415254829 376
1871 61735.599999999998545 -0.051183516578322 -1.236878880897817 0.543360567236423 377
1871 61735.800000000002910 -0.051719318399104 -1.233930128090066 0.530930003688713 378
1871 61736.000000000000000 -0.049869636084435 -1.234715268935604 0.527222884102679 379
1871 61736.199999999997090 -0.049480650845397 -1.236055042818303 0.519548531045615 380
1871 61736.400000000001455 -0.050124842798587 -1.234152662538797 0.513737315862936 381
1871 61736.599999999998545 -0.051712114915439 -1.234629351546119 0.509724876878423 382
1871 61736.800000000002910 -0.050831830440429 -1.233391519861390 0.504248819388451 383
1871 61737.000000000000000 -0.049845575412884 -1.236596061594140 0.503612927570005 384
1871 61737.199999999997090 -0.051634107837333 -1.238473422254338 0.500033022417553 385
1871 61737.400000000001455 -0.049868990234166 -1.236520546151777 0.492441536492226 386
1871 61737.599999999998545 -0.050777972801570 -1.237867138390742 0.491023205125074 387
1871 61737.800000000002910 -0.051299961121488 -1.241175211922570 0.487868950555564 388
1871 61738.000000000000000 -0.051409414788811 -1.244203467314536 0.491481920519783 389
1871 61738.199999999997090 -0.050268390563029 -1.247881602204630 0.492027545672568 390
1871 61738.400000000001455 -0.051105457969838 -1.248527400722490 0.489831779326537 391
1871 61738.599999999998545 -0.050249762121648 -1.247497918064422 0.484683832273010 392
1871 61738.800000000002910 -0.050435017413543 -1.252331591626373 0.487507223851379 393
1871 61739.000000000000000 -0.050970979652290 -1.252259726708691 0.485740417438631 394
1871 61739.199999999997090 -0.050361149400403 -1.257323546617769 0.491067341870935 395
1871 61739.400000000001455 -0.051089382231572 -1.258252500459339 0.494822426838081 396
1871 61739.599999999998545 -0.049914735141813 -1.262557982756165 0.504149802973694 397
1871 61739.800000000002910 -0.050030483354056 -1.262583496472457 0.505368597209963 398
1871 61740.000000000000000 -0.051889885538710 -1.264602749125807 0.509870524951900 399
1871 61740.199999999997090 -0.051338719328262 -1.265984672402591 0.509897818216704 400
1871 61740.400000000001455 -0.052494474344440 -1.269029514045636 0.516029014048781 401
1871 61740.599999999998545 -0.052947402270913 -1.268788210002714 0.512972686950976 402
1871 61740.800000000002910 -0.052748041128594 -1.272153581875472 0.520584348415559 403
1871 61741.000000000000000 -0.054384459385218 -1.276382362833963 0.524798597111769 404
1871 61741.199999999997090 -0.055612331433546 -1.277609927927429 0.518054904221892 405
1871 61741.400000000001455 -0.054689454784351 -1.278957659645521 0.519136502442400 406
1871 61741.599999999998545 -0.054619803859660 -1.280850915117564 0.516776824214320 407
1871 61741.800000000002910 -0.054843622693658 -1.282394998397666 0.515266237548132 408
1871 61742.000000000000000 -0.055050267242326 -1.285111080793469 0.515475042780963 409
1871 61742.199999999997090 -0.055316730958782 -1.287170033715973 0.532095873289256 410
1871 61742.400000000001455 -0.055121883884225 -1.287756040511352 0.528281029905903 411
1871 61742.599999999998545 -0.055467485659518 -1.287683170251668 0.526483859024092 412
1871 61742.800000000002910 -0.054756149271190 -1.289777740798790 0.527187755952363 413
1871 61743.000000000000000 -0.055703590378900 -1.291758062606037 0.527058588072453 414
1871 61743.199999999997090 -0.054418981532281 -1.296267933184265 0.529842367292021 415
1871 61743.400000000001455 -0.054803866969452 -1.293284535463971 0.522671055073761 416
1871 61743.599999999998545 -0.054388955141404 -1.294263177759613 0.521062593856606 417
1871 61743.800000000002910 -0.055400109596386 -1.293550435821019 0.516223486545537 418
1871 61744.000000000000000 -0.054842581171800 -1.296333094029565 0.517290406038789 419
1871 61744.199999999997090 -0.056193821134964 -1.300057421047044 0.514801878570333 420
1871 61744.400000000001455 -0.054423787607086 -1.300004215444490 0.508957908253482 421
1871 61744.599999999998545 -0.054893243404880 -1.301575196026200 0.502959449088472 422
1871 61744.800000000002910 -0.055800832352866 -1.301612985305910 0.497285263270500 423
1871 61745.000000000000000 -0.056219995567793 -1.303516038416506 0.493811421568870 424
1871 61745.199999999997090 -0.055780161695271 -1.304704806049919 0.491828376602789 425
1871 61745.400000000001455 -0.055304142354786 -1.303412336219854 0.486941943030313 426
1871 61745.599999999998545 -0.055000523672091 -1.304394976097736 0.482239690415888 427
1871 61745.800000000002910 -0.054484843709011 -1.305155334942858 0.474145526784987 428
1871 61746.000000000000000 -0.055545471957336 -1.305392910584261 0.468029773648494 429
1871 61746.199999999997090 -0.054630966100502 -1.305204350286221 0.459408416797756 430
1871 61746.400000000001455 -0.055077221636666 -1.308646691312321 0.456120228847342 431
1871 61746.599999999998545 -0.054615954757056 -1.304949825962753 0.446770142348752 432
1871 61746.800000000002910 -0.054305666846683 -1.307700352409618 0.440653264224995 433
1871 61747.000000000000000 -0.054280510331479 -1.306518550378292 0.430713604555706 434
1871 61747.199999999997090 -0.055150225858451 -1.307186020081526 0.423944442087455 435
1871 61747.400000000001455 -0.054717631898676 -1.306447501836899 0.414639237639029 436
1871 61747.599999999998545 -0.054952887450549 -1.307528760154501 0.408690102688458 437
1871 61747.800000000002910 -0.054720637545598 -1.305615318833028 0.402554086357492 438
1871 61748.000000000000000 -0.055487584134154 -1.307619350980749 0.401219751124298 439
1871 61748.199999999997090 -0.055738170623447 -1.310551419991335 0.401282223382058 440
1871 61748.400000000001455 -0.055549621294438 -1.313325590483873 0.402579867069273 441
1871 61748.599999999998545 -0.055262361999622 -1.315364117324035 0.401713426714239 442
1871 61748.800000000002910 -0.056332214990847 -1.316063538667726 0.405315297746628 443
1871 61749.000000000000000 -0.055777773122681 -1.320712077928081 0.406392999991071 444
1871 61749.199999999997090 -0.056665904240381 -1.317090817337461 0.405854507489919 445
1871 61749.400000000001455 -0.057761103521048 -1.323378819513475 0.410410607366668 446
1871 61749.599999999998545 -0.058523751992732 -1.321126195116905 0.407454560678782 447
1871 61749.800000000002910 -0.057712690493835 -1.323336580555110 0.409571060523816 425
1871 61750.000000000000000 -0.059230002632807 -1.326179966724290 0.415778790164273 449
1871 61750.199999999997090 -0.060116515326520 -1.328627668547140 0.413811198123684 450
1871 61750.400000000001455 -0.059835202300531 -1.329966649529045 0.414520119771950 451
1871 61750.599999999998545 -0.062657879295511 -1.331389913914442 0.416240007674042 452
1871 61750.800000000002910 -0.063461838962887 -1.331711026998111 0.419870890486900 453
1871 61751.000000000000000 -0.062849986772400 -1.335875218864671 0.424155788351130 454
1871 61751.199999999997090 -0.065530203951877 -1.334521024855351 0.427994328727684 455
1871 61751.400000000001455 -0.065312523195840 -1.340350277049030 0.431656537727631 456
1871 61751.599999999998545 -0.065420391627800 -1.341523993683226 0.433505454561157 457
1871 61751.800000000002910 -0.066625970055535 -1.344058387445977 0.437729363359564 458
1871 61752.000000000000000 -0.068201800596790 -1.347085485851532 0.441813487829130 459
1871 61752.199999999997090 -0.069636937231802 -1.347906838407264 0.448511357847252 460
1871 61752.400000000001455 -0.071640452386750 -1.349757343170812 0.451549546634093 461
1871 61752.599999999998545 -0.073551706212490 -1.349054389496473 0.455683152225978 462
1871 61752.800000000002910 -0.075891068672987 -1.350766777938197 0.457063681493988 463
1871 61753.000000000000000 -0.077210863010951 -1.353005100602946 0.467146308370970 464
1871 61753.199999999997090 -0.079319214359460 -1.352470136891681 0.466772082484123 465
1871 61753.400000000001455 -0.080311390735707 -1.354038163083192 0.472334383747869 466
1871 61753.599999999998545 -0.081798456603962 -1.355572238400164 0.476154454278801 467
1871 61753.800000000002910 -0.083315960414172 -1.355693071123293 0.482954885709910 468
1871 61754.000000000000000 -0.084662047299275 -1.353889505898904 0.487694934718947 469
1871 61754.199999999997090 -0.087343815952154 -1.356040977029164 0.490220905796202 470
1871 61754.400000000001455 -0.088145673372825 -1.356196892419435 0.495641033884632 471
1871 61754.599999999998545 -0.088848175431054 -1.359140239129936 0.499592969818579 472
1871 61754.800000000002910 -0.090157842548886 -1.353915486744130 0.496268339366087 473
1871 61755.000000000000000 -0.091581293819196 -1.358025542231568 0.509011950866769 474
1871 61755.199999999997090 -0.092650042643190 -1.358582131501493 0.512270312779797 475
1871 61755.400000000001455 -0.093733482247157 -1.358650244164665 0.521894883728306 476
1871 61755.599999999998545 -0.094801074073159 -1.363074270210517 0.537573401564891 477
1871 61755.800000000002910 -0.096835155038398 -1.361261209095479 0.536714624248239 478
1871 61756.000000000000000 -0.097058369847880 -1.361983839840492 0.538871273685767 479
1871 61756.199999999997090 -0.099337023188195 -1.367834459897868 0.554675407138453 480
1871 61756.400000000001455 -0.100741122734827 -1.367148293998462 0.559328228212049 481
1871 61756.599999999998545 -0.101236349071457 -1.370919620366787 0.571395985683335 482
1871 61756.800000000002910 -0.103908652498669 -1.374144152435292 0.584778131855286 483
1871 61757.000000000000000 -0.105014147935808 -1.376259011591123 0.593222787272031 484
1871 61757.199999999997090 -0.105632216630575 -1.378106805792537 0.600141749281691 485
1871 61757.400000000001455 -0.107172372846565 -1.377789490938083 0.611149049904907 486
1871 61757.599999999998545 -0.109280517232175 -1.382256853287295 0.624290294291325 487
1871 61757.800000000002910 -0.110114017897290 -1.383799844678365 0.634836232937784 488
1871 61758.000000000000000 -0.109908649722856 -1.386163795994553 0.644974007450070 489
1871 61758.199999999997090 -0.112025501451240 -1.387363053396870 0.658001840896263 490
1871 61758.400000000001455 -0.112718960060613 -1.388188299929561 0.668693930743893 491
1871 61758.599999999998545 -0.114325166951113 -1.389428916607298 0.677720885609536 492
1871 61758.800000000002910 -0.116157122639811 -1.393459297978611 0.691470713436320 493
1871 61759.000000000000000 -0.117773070152194 -1.394700259423119 0.701848448854664 494
1871 61759.199999999997090 -0.120336173180223 -1.394716759026765 0.708970654265214 495
1871 61759.400000000001455 -0.120490886485099 -1.398630197676266 0.723946883806004 496
1871 61759.599999999998545 -0.122150905580367 -1.398433802463962 0.730804320596529 497
1871 61759.800000000002910 -0.122837038552345 -1.398185781042655 0.739816058700435 498
1871 61760.000000000000000 -0.123706794485255 -1.402310535945688 0.756419937364404 499
1871 61760.199999999997090 -0.124979010957415 -1.406072306259456 0.770604536733793 500
1871 61760.400000000001455 -0.126125745380360 -1.403718487240605 0.776210089452330 501
1871 61760.599999999998545 -0.129143321346730 -1.405485903860600 0.784563715563616 502
1871 61760.800000000002910 -0.130397456013824 -1.409028464724337 0.800851922249363 503
1871 61761.000000000000000 -0.132117735731088 -1.409224803498237 0.812050883110111 504
1871 61761.199999999997090 -0.133463236057644 -1.413129027706929 0.825150384188218 505
1871 61761.400000000001455 -0.136006157193057 -1.417143614387243 0.835151507396560 506
1871 61761.599999999998545 -0.136594834822757 -1.415909166581274 0.843221167021608 507
1871 61761.800000000002910 -0.139586216511096 -1.420853238935123 0.857101672427759 508
1871 61762.000000000000000 -0.140723096828148 -1.423516074671151 0.864903370683283 509
1871 61762.199999999997090 -0.142043407022725 -1.424597210794194 0.878021654753290 510
1871 61762.400000000001455 -0.144017134733113 -1.426084056983931 0.889296056142122 511
1871 61762.599999999998545 -0.145127329326234 -1.426502917103905 0.898649635994921 512
1871 61762.800000000002910 -0.145491744879747 -1.427606062117520 0.909869219564313 513
1871 61763.000000000000000 -0.147502346463954 -1.428152264236106 0.917567520941345 514
1871 61763.199999999997090 -0.148067334036682 -1.430990153643839 0.929254535395390 515
1871 61763.400000000001455 -0.149331561096078 -1.429108777008256 0.937107958997269 516
1871 61763.599999999998545 -0.150321683087423 -1.429592453868674 0.947211860877304 517
1871 61763.800000000002910 -0.150998142535404 -1.433136054186197 0.954288658119619 518
1871 61764.000000000000000 -0.152638363081903 -1.432254887515730 0.959572390864373 519
1871 61764.199999999997090 -0.154085656055463 -1.433817504397176 0.976722891065417 520
1871 61764.400000000001455 -0.155271627270068 -1.433450587805490 0.980583814569278 521
1871 61764.599999999998545 -0.157048865007592 -1.438043158892843 0.990423082644674 522
1871 61764.800000000002910 -0.158770740994736 -1.435732705059904 0.994626522723786 523
1871 61765.000000000000000 -0.159350919845173 -1.437150991384575 0.997925327764892 524
1871 61765.199999999997090 -0.161365577083048 -1.439519548221261 1.006954394740661 525
1871 61765.400000000001455 -0.163053352549267 -1.439792430565744 1.014498665020947 526
1871 61765.599999999998545 -0.161962808364006 -1.441501802302284 1.022302857459323 527
1871 61765.800000000002910 -0.163978276773521 -1.440766058612307 1.029697690348063 528
1871 61766.000000000000000 -0.166989189914986 -1.441961842711600 1.041078893558579 529
1871 61766.199999999997090 -0.167276295000497 -1.440946477151151 1.046117565035846 530
1871 61766.400000000001455 -0.168763195050126 -1.440687713029473 1.052852972916326 531
1871 61766.599999999998545 -0.167950608767642 -1.441014622581646 1.057883088439760 532
1871 61766.800000000002910 -0.169954761955455 -1.440444963407076 1.067113350285929 533
1871 61767.000000000000000 -0.171089438198093 -1.443121645079988 1.075272167382278 534
1871 61767.199999999997090 -0.171540087060912 -1.441354976275004 1.082422998553897 535
1871 61767.400000000001455 -0.172934931361255 -1.443070876193597 1.092662286253921 536
1871 61767.599999999998545 -0.174670945050463 -1.445557867373778 1.109357333893885 537
1871 61767.800000000002910 -0.174994603668864 -1.443861137733216 1.114777105239621 538
1871 61768.000000000000000 -0.175483620238693 -1.444892217494600 1.125354275686843 539
1871 61768.199999999997090 -0.176413267426830 -1.448328883036464 1.150033492467888 540
1871 61768.400000000001455 -0.178795384663351 -1.445898265029214 1.162155345658538 541
1871 61768.599999999998545 -0.179624030258387 -1.447628900697588 1.176495760157584 542
1871 61768.800000000002910 -0.181089517864571 -1.446487121229628 1.191177094964673 543
1871 61769.000000000000000 -0.182285761479348 -1.445602487368904 1.200606804924813 544
1871 61769.199999999997090 -0.183942939740456 -1.448108779703486 1.219302406523245 545
1871 61769.400000000001455 -0.184315552649361 -1.449282341417254 1.233109659015319 546
1871 61769.599999999998545 -0.186872553945872 -1.451030181204108 1.246834141523121 547
1871 61769.800000000002910 -0.187467742780008 -1.450245230675384 1.256907090393690 548
1871 61770.000000000000000 -0.190076882109551 -1.451306835675833 1.272282380946321 549
1871 61770.199999999997090 -0.191037749614652 -1.452084971894813 1.294811363747563 550
1871 61770.400000000001455 -0.192141960511594 -1.457065622777731 1.315389386454828 551
1871 61770.599999999998545 -0.193378586318216 -1.455761239058243 1.324915867839259 552
1871 61770.800000000002910 -0.195195283269395 -1.457890195019959 1.342626871733334 553
1871 61771.000000000000000 -0.196684085751952 -1.457560225730183 1.355606110516413 554
1871 61771.199999999997090 -0.196922590925302 -1.460947408630745 1.372153344330546 555
1871 61771.400000000001455 -0.199277935229721 -1.460302224353522 1.385814718156372 556
1871 61771.599999999998545 -0.200639521385686 -1.462938284935510 1.403410229783917 557
1871 61771.800000000002910 -0.200870002804100 -1.463507489528018 1.421482636921813 558
1871 61772.000000000000000 -0.203690370948344 -1.463310710087840 1.436002170970753 559
1871 61772.199999999997090 -0.204986303153534 -1.467041921701811 1.460970049075064 560
1871 61772.400000000001455 -0.206453319630667 -1.468539260000252 1.478010641770618 561
1871 61772.599999999998545 -0.207616056414602 -1.466989260983510 1.489356599812625 562
1871 61772.800000000002910 -0.210066942365874 -1.467949233540710 1.508376070579169 563
1871 61773.000000000000000 -0.209057678294574 -1.474718585845570 1.533250368327820 564
1871 61773.199999999997090 -0.211533782660875 -1.469801346159940 1.549725636095198 565
1871 61773.400000000001455 -0.212658582736148 -1.474948821367879 1.570314001922624 566
1871 61773.599999999998545 -0.215714907721595 -1.473577810713431 1.592404116266052 567
1871 61773.800000000002910 -0.216250282941003 -1.474317854156556 1.610937092614273 568
1871 61774.000000000000000 -0.217109607012618 -1.474175498930201 1.629147955198845 569
1871 61774.199999999997090 -0.217356221520501 -1.477873988377343 1.656884182600707 570
1871 61774.400000000001455 -0.218263445823604 -1.477861228282992 1.676551430411224 571
1871 61774.599999999998545 -0.220474882981581 -1.479959623766951 1.695936315687632 572
1871 61774.800000000002910 -0.223380476305277 -1.478638689500030 1.707715826019373 573
1871 61775.000000000000000 -0.222867644306763 -1.480772117737537 1.728085818568710 574
1871 61775.199999999997090 -0.223630057765519 -1.485236576296603 1.749852976400159 575
1871 61775.400000000001455 -0.224533549557337 -1.484799902181232 1.765907858236802 576
1871 61775.599999999998545 -0.224358372843551 -1.487763793921103 1.782816279355971 577
1871 61775.800000000002910 -0.225410851711240 -1.487221156810491 1.799353253076540 578
1871 61776.000000000000000 -0.227204492317210 -1.486684850298676 1.814879517544978 579
1871 61776.199999999997090 -0.228617724104708 -1.488181625878968 1.839167064594041 580
1871 61776.400000000001455 -0.229296783772385 -1.493460417989624 1.860500151454335 581
1871 61776.599999999998545 -0.229709752760492 -1.492050912175903 1.871263998126097 582
1871 61776.800000000002910 -0.230503056280132 -1.492247910108287 1.889519399775745 583
1871 61777.000000000000000 -0.230640290391645 -1.497696740112859 1.910092594120586 584
1871 61777.199999999997090 -0.231708850308678 -1.500165993655879 1.922796371836803 585
1871 61777.400000000001455 -0.231639201658554 -1.501068416177481 1.938304217073551 586
1871 61777.599999999998545 -0.234292041543689 -1.505314404416762 1.958326579561271 587
1871 61777.800000000002910 -0.235255830176612 -1.505219615140233 1.976734073876893 588
1871 61778.000000000000000 -0.235560113701131 -1.507638400415373 1.995449872621105 589
1871 61778.199999999997090 -0.238423598746719 -1.512659006814243 2.023159266614822 590
1871 61778.400000000001455 -0.237222051577840 -1.516238856980705 2.043594005946354 591
1871 61778.599999999998545 -0.238624618317269 -1.519850496041206 2.058814278514004 592
1871 61778.800000000002910 -0.240768904399388 -1.523907192553207 2.081620953867354 593
1871 61779.000000000000000 -0.241838432459937 -1.525670084450102 2.094228167428833 594
1871 61779.199999999997090 -0.243190518386741 -1.529322577523444 2.114234553504860 595
1871 61779.400000000001455 -0.244071912060423 -1.531092952621941 2.129887979533892 596
1871 61779.599999999998545 -0.245209339680220 -1.534449744340410 2.156025474623047 597
1871 61779.800000000002910 -0.246948730232399 -1.537159738619139 2.174426773525979 598
1871 61780.000000000000000 -0.249268608681645 -1.542183789411261 2.193723420311680 599
1871 61780.199999999997090 -0.249896521308441 -1.544761386072680 2.218139806885190 600
1871 61780.400000000001455 -0.250312287643165 -1.548013067031518 2.234976887853141 601
1871 61780.599999999998545 -0.251689239127938 -1.555205667337623 2.261351208226364 602
1871 61780.800000000002910 -0.253903542366145 -1.556705186531919 2.273945731921118 603
1871 61781.000000000000000 -0.257176214601768 -1.558602384974906 2.292698146041579 604
1871 61781.199999999997090 -0.257621495522030 -1.560078167487999 2.311480410190990 605
1871 61781.400000000001455 -0.260300555193860 -1.563990714714063 2.330224469834458 606
1871 61781.599999999998545 -0.261380905251837 -1.568787295939255 2.350747204558522 607
1871 61781.800000000002910 -0.262633841217526 -1.570468643138080 2.367639806810648 608
1871 61782.000000000000000 -0.262712413094829 -1.572529453879434 2.385789295879594 609
1871 61782.199999999997090 -0.266981921545942 -1.576103358280181 2.407168619318189 610
1871 61782.400000000001455 -0.266308668249709 -1.578036391019778 2.421233804934619 611
1871 61782.599999999998545 -0.269294971128531 -1.579655309585395 2.434846896626139 612
1871 61782.800000000002910 -0.270437356716240 -1.583183527278759 2.453912928835933 613
1871 61783.000000000000000 -0.272633408793590 -1.584024932207363 2.467557671169874 614
1871 61783.199999999997090 -0.273977736964165 -1.583395755994899 2.482635550845189 615
1871 61783.400000000001455 -0.276063135146138 -1.58691